264308084.417053 265003297.412354 263737346.250061 263303105.349670 267744700.946289 268151115.336975 264187690.615784 264198611.285156 265574639.087463 266716616.353088 266178460.234924 263286118.383789 259353410.455322 260920418.563477 262900382.978760 262443037.508789 267586719.943604 265704772.080322 265535936.402893 264401319.552979 263567614.898682 262300293.597656 264444004.883057 262631650.601135 266739327.774414 
267339361.203369 264316213.256897 266352345.092834 271083361.871338 260446391.154846 261459551.802307 261681427.075256 262307632.319885 267861555.070862 268556045.540100 260764464.166260 267338083.820862 268276503.537659 267298231.019592 264359399.814514 260675656.611572 263108928.837952 263999027.252197 266465579.238831 261417108.033752 260617637.118164 265098435.899414 262346099.025940 259404242.625977 263688121.070862 
264096016.688477 265862196.641602 265890476.865784 265054680.250000 263277751.870667 265325158.147522 264959803.952698 269552006.657776 264322818.031311 264577927.053284 259466153.877197 263170266.680237 265596028.623108 263998519.500977 264236200.430664 265633207.722717 266518634.143127 263446121.828674 263632811.660706 263426087.040039 266993302.192444 265989596.910156 261901373.525452 260928495.141602 264961075.640625 
260600232.529358 265241175.645081 265319813.410400 265607996.953369 258593033.185791 261988366.346741 263721867.734619 266523225.681213 261526761.481995 261726672.875977 268520710.768127 266002338.615479 265873151.865295 263813476.706604 267868715.452209 263810431.277405 259944327.153870 264278618.420471 265993929.055725 266530623.242432 265248555.392822 265193591.461182 265673954.929749 263154044.406799 263526014.953369 
264965399.402405 265524988.128906 263661480.493164 265646959.555725 265691782.815491 267631450.932678 262183141.004944 259465902.190491 266752853.012756 263479345.752197 259668045.922852 266660990.214905 261950937.432190 264948104.566956 264751034.185791 266486239.415039 265913917.470764 264946069.917542 266870511.529541 261344102.707275 265033566.897034 268631331.719299 262198574.299072 264457217.707275 264539297.065979 
264910464.817444 263461845.867249 263752571.462463 264876133.593994 261780012.334045 265204787.355713 262445821.907288 266017629.064697 264670701.369385 270601728.906799 263827688.941956 263328713.602539 262835276.850647 261902890.718323 259761970.095764 262776257.640625 267329653.172852 263615560.371155 264278872.430664 267762342.495178 259851125.635315 263047851.562500 267872039.947510 266477567.144775 263674673.753906 
265548157.998596 265636518.316650 266688802.558838 260027970.849670 263043036.643127 265373263.204102 269319126.049866 264076211.115479 264919620.186096 259306357.390686 261345113.092041 267010153.010803 265122095.981506 261975721.144104 263496085.316406 261784057.253967 262624054.133850 265024155.191406 259911830.672852 265499782.495667 265715214.660706 261951948.989319 262575186.154541 263915762.578369 262529613.898682 
266524246.028381 265852515.468994 266698754.116760 263634841.261292 258917766.787354 265636518.316650 268416000.352539 264077226.767822 264727644.892822 263291949.668518 262544551.035706 264996684.141602 265421372.621155 265525751.954651 264364988.920959 260538186.116272 267601544.657227 262852502.590393 262650895.476624 264894697.608948 263874642.797852 264742644.429260 263845962.378479 262528601.226807 266972622.369385 
261072127.668518 263468947.199768 262950548.062500 265719035.168213 268149580.152893 266330415.134827 265572602.033752 266849836.462463 263264568.544006 265899139.577698 268251935.377502 267109736.882874 269157605.031799 265718271.064514 266518889.227539 264785865.808655 266569908.563477 258998982.026428 265646704.888916 260021923.866272 264386837.813049 262365586.525635 266268200.168518 269211183.618164 261801754.146057 
261770152.972656 265045776.926331 263655898.828369 263038728.594727 260473877.510010 264708578.298889 264441718.081604 263197896.390625 265941945.637268 264871556.265625 261924131.879944 264037871.668030 263081050.363831 263226795.070557 261200900.427307 261771164.180664 264402843.969727 267855673.400635 259821405.422424 261650844.140625 261497198.265625 264256012.002197 268399873.179260 268130646.577209 262936359.472656 
263459563.316406 266027822.941650 265370717.853760 268175423.003906 262237539.062500 263442571.304260 262035409.179749 263733793.763733 265225144.133057 265815066.276917 266948113.986572 267053048.402405 259737039.504150 267160301.954651 263424819.041077 265841051.150452 258283318.772522 262661531.105042 264649349.127197 267127102.125549 264986764.390198 263317810.926819 263424565.441650 263189784.765625 263520181.077209 
971336599.981018 11274747.388245 9227497.883850 37591172.761292 25860323.764709 555129556.410156 684915516.105713 125569708.513245 138406952.857971 473683938.329102 451807240.183655 170717701.979065 179947133.441406 179616326.291565 363419415.191406 306723776.844727 290242066.054749 323939252.847656 219786879.341370 276563915.825745 256984444.601807 264959040.941406 265876463.954102 262816785.140625 265540519.468323 
267993014.460999 264801629.777893 263589430.816406 266240919.668213 265090549.440002 260163542.515198 262140638.543030 266970579.961182 263957900.985352 265938887.947327 266148125.439697 268472577.283264 268259100.974670 262515436.670166 265037891.250244 263169759.726624 262562779.981995 259761718.265625 263839871.162659 265224126.275635 265349846.441406 261719342.285217 265421372.621155 262986021.211914 266250607.910156 
262993876.304260 262740545.371643 262777524.077698 261901626.390625 265382426.566406 263638646.783447 260534403.037354 271033970.293213 261640228.994385 262850476.003479 270738743.707275 265744251.206604 266857749.047852 266791133.847717 265128965.235352 268995876.196289 264723323.071350 268875187.937073 263682539.124084 267330164.117432 263114504.710022 260180932.515625 262262589.367737 263537682.899414 263828196.528870 
265916465.424866 269527636.681885 266835798.293213 265858629.873291 264462045.552307 264923434.969727 267442583.795166 267103608.108459 266249078.176025 264967688.467041 264831379.191650 269210158.140625 266622973.852539 264303766.021729 260677422.523499 265839013.075256 265114209.170166 265967936.711487 267399912.634827 259527065.649414 263373087.285706 263479853.003906 264207754.344727 260726870.485901 263091441.258789 
262174792.035156 262392920.861572 264857824.517822 261991654.149414 264530402.402588 265100216.729065 267068113.672852 261777231.469727 262015681.025940 266890932.135010 266737796.636963 262866182.256409 266015845.156311 262974365.484619 266079050.129944 263673658.875977 269054564.560608 267372829.712463 265725657.446289 264570048.340088 261928430.791260 259001748.094727 267379983.558655 263228823.107666 262249684.515625 
261659437.511963 263748257.607666 264770865.047852 266951688.055664 265916210.628906 261522971.232666 265305306.538147 265640847.585999 264745949.468994 263336320.254150 266071149.097656 264894443.302979 264579197.824463 263356858.762268 271093909.614319 269182727.341370 264545142.211914 263474780.508789 266850346.948303 266229192.032227 266653845.993713 266156027.614807 262727882.029358 266338320.015625 265718525.765625 
263758915.430664 266469150.076233 264859350.250000 263399206.115479 261732486.865784 266271769.683167 263157592.986389 269267587.890625 263349758.940491 263051146.006409 264991342.713928 266143792.038635 267737286.555725 264224517.031494 262727375.502014 265080373.536682 264182865.275635 264120901.666260 264640960.981995 262563033.166260 262313705.822815 266106577.223206 262855795.810791 260973423.388916 265166620.503906 
259605607.079102 263240230.961975 266445174.912659 263493548.984619 262917864.207092 265596537.908264 258546551.630920 264199881.145081 262832490.386963 262910263.601624 261385782.700256 265153389.969727 262252467.888245 261882661.841370 267005301.963135 261436813.640686 266188402.266602 266386261.805664 262724589.610352 265843089.233459 266817932.066406 262032879.887756 260799789.556885 261918821.508789 266626800.880432 
267568061.835999 266965729.273010 266142262.611389 265476360.151428 263599578.062500 264463570.144104 264805697.975159 261289544.830322 265940161.982666 266136654.749084 265872132.765198 265912388.704163 262937879.660400 262123689.117432 264041426.201721 268475393.485352 263762975.610352 263969578.488525 267680787.158447 262539993.898010 261641239.951416 262486830.213928 263426087.040039 265076812.016663 263721106.507874 
265166366.067444 266736010.315491 261517412.250000 262446075.035156 267964878.416077 265932772.620178 261746137.356506 260936824.243713 267183287.660217 265022883.352112 267893266.057678 263345955.503906 266452061.285400 265471013.891602 266353620.118164 264902581.154541 263662495.347656 267579307.740784 264799595.690979 273362564.008850 261285251.165100 267028791.656494 263886318.459229 264576656.285156 263050385.748291 
263118306.474854 263730748.794495 260831836.802307 266387281.890625 263507752.599854 260965850.941406 266276869.031311 262462781.744385 260825275.788635 262733453.862366 266087715.913147 266773013.910156 264229088.765625 265078592.773682 266415845.062500 265323885.586182 266159596.377502 265252881.499573 262624560.561584 263481121.135315 260991597.711182 266339085.010315 260449417.104553 259294531.890625 265252118.066406 
263951046.919006 260273689.000000 266894505.821289 263080796.929932 267055091.126038 263316796.735901 262251708.785156 264809766.203674 261963076.246643 265989851.741272 260446895.478577 261318085.972229 265280874.807678 267144978.700256 263710956.922913 263261526.284729 266398247.927307 266108106.547913 260948434.729065 263246061.738525 264596480.615479 263973640.289307 261742092.729553 267613046.873108 264660533.527588 
972156835.637756 11465313.439697 9552977.028870 36059086.724854 26059908.293213 558875456.549072 687021435.571289 125450850.234619 140475089.297852 471618248.535706 466831051.856018 172081924.000000 167994406.601807 186420195.615479 306997760.576721 305113283.320374 286021029.024414 324292847.392639 213937016.187073 276006565.151428 260797770.898682 267704306.545166 262922424.623108 264315197.145081 260728888.869690 
259392414.894104 262677231.711975 268919001.562500 265312178.165039 262113317.351135 268994594.862366 266038271.868225 265526515.781494 263468947.199768 259769021.389221 261444392.918030 261195849.917053 264107443.318420 263501918.925842 263802310.218811 264076718.941406 263919823.965088 266753108.209229 257739695.606018 260786920.744690 260730150.363525 260839659.657227 264151120.715393 266308996.047424 265755968.156799 
267941091.821289 265657401.000000 263570658.926025 268364292.717041 264302495.912170 260333939.158264 270030650.871338 261014316.503906 263936577.515625 265292072.544495 267624293.723206 268265498.910156 261668031.024414 269579969.355713 267785354.084534 266827375.568909 258322744.927979 266417885.347656 265944238.916260 261300152.860352 263873627.535156 267408855.410400 267514391.455139 263155565.223694 268508420.957581 
267227474.071289 260097264.219727 262969297.857666 263244540.660156 269091472.312561 265290291.070557 261565676.296936 263255441.818909 266805426.063538 264257028.000244 263956885.562500 266074717.291260 266123909.827209 264288778.923401 266789347.347656 265702479.834045 260766987.329102 263000971.327209 263201952.250000 261000180.250000 258800115.289307 269160424.824463 264639690.062500 265987558.265625 262038950.209045 
263620380.527588 264122425.274414 269764200.250000 268186169.902588 265014234.925842 266623484.121338 265634735.686584 264993631.890625 263523478.477539 262347111.345764 261299142.562500 261674855.384827 264426472.991272 262258540.752502 264343649.014221 266042094.697510 268013222.168213 263819060.039124 264728916.023499 265328721.335510 261710242.384338 263937339.053284 263903832.435608 261135752.592834 264113537.622131 
264503973.427979 264041426.201721 269561498.420166 265404062.910706 263886826.102539 261755237.881409 262138867.681885 261863445.131897 264909701.877197 262591896.972656 265853025.000000 263431412.669006 265204023.991760 261250650.562500 264045742.453369 263441810.480713 261103939.161682 264352286.491760 264803155.348206 267182776.856018 268426752.070557 265950354.375244 266106322.336182 271605077.698303 268359173.420166 
262045526.469788 262981967.016602 264478562.197510 262197562.265869 264360161.961914 264759169.834229 260097768.205322 262483792.451721 264684936.676025 259383355.537170 266772758.704163 261549756.250000 265855827.429260 265540010.236877 260369235.376526 263382469.628906 265857610.801025 264841804.595276 262825650.947815 264543617.385010 267741377.241272 258504596.193604 267939557.238525 270202193.467041 261520444.415039 
264369815.924072 264623930.914307 264841804.595276 263069392.530823 259308370.268616 261446666.722656 264796798.834229 263522971.183838 266126203.890625 269308356.474670 256141519.552979 262001517.681213 266307721.128906 265555796.638733 263582074.185120 260768753.550354 264043203.477539 265707573.728088 269581508.628906 267004536.012268 264502702.837463 270115131.360413 268885692.633057 266998919.072815 261853331.357483 
260850258.551025 264945306.926025 263807893.433167 259073671.054932 263052413.105713 261929442.304932 263088653.437561 265608506.250000 263342659.214417 262840089.868164 265351373.590088 265864234.805664 262416206.789307 267146511.005920 266187892.414307 267140381.809631 267571384.465088 262379506.611389 267146511.005920 265526006.563477 263478077.625061 263649048.684143 264086875.562500 270173171.206116 261291565.390869 
264168897.434143 263530326.990295 262719524.390625 266435483.131409 266628076.562500 266705133.418213 264172960.768127 263284343.657776 262059943.945557 264607409.730530 256076505.715088 264623676.738342 265191046.972656 264131567.015625 265853534.531494 263862205.964417 269412214.922852 261684207.430664 263071166.532227 264093223.549866 265260261.410156 264912245.015625 266346225.013733 261458541.196350 264870539.086914 
263414167.970276 262573160.636963 264445529.422852 263435216.722656 266664562.361389 266950411.599670 266067326.059631 265788827.938477 262851489.295959 262972338.427979 265466176.845764 264565981.953369 261497703.605713 262999957.746643 262966510.683655 264831124.916077 263354830.231995 265647468.889709 262187695.044495 265667842.649475 264790188.140625 263609218.127197 264690020.806885 269358616.334534 264122171.339417 
263523985.771729 267588764.707275 265555796.638733 266054073.073792 264553020.554260 263602875.959534 267525891.797852 265937104.302979 265775836.619202 264209278.203369 264749254.529358 262461516.065979 262168467.146545 266039036.431885 263441810.480713 264840278.913635 263956377.851807 262006070.143127 263553156.008850 267788933.753967 266065541.984619 268300049.080139 264823496.705627 262046791.144775 263049372.072510 
971965383.879150 11438188.220276 9541727.938477 37278370.440002 26053846.588135 558376530.781311 680441082.726807 124915898.584229 140266271.602539 471460136.533264 466382491.886963 172906473.808838 167531967.593323 187774135.989319 309811152.111572 331083327.905334 234355195.378479 215139452.322327 297875508.051819 292654794.961914 247970469.474854 264963619.025635 262504044.531799 264913770.904541 266763826.571289 
265633207.722717 264339838.407227 268081268.910156 260830070.367432 267284947.412659 260266630.860352 262289412.232971 266389832.111572 261273380.627197 262066267.524963 263265075.588928 263832511.037354 264796798.834229 263586133.003479 261478753.686584 263877180.963135 264952428.222900 262547082.795959 263688628.523499 264339584.367737 268592150.860352 265551977.304932 266747238.721252 261044862.216858 264990579.657227 
265161786.231995 265494945.187744 262278025.000000 262769418.933167 261714539.540039 265466940.586914 261935005.665039 268299025.339417 265002025.623108 265105050.439697 267278816.628479 263072433.679749 264713154.218811 263175082.763916 267048962.978577 265538991.775452 262688627.607666 261478248.364807 265655618.299866 266955006.855530 263582581.535706 264598259.758362 263591206.570374 262033132.816406 260954744.883789 
266850091.705322 264321547.875977 262433165.669495 261143832.502991 264917331.329102 264661296.108948 261766866.560120 263959424.123291 265354427.900635 263412646.406311 265574893.719727 263670867.971741 264585297.568604 263106140.924072 265027461.987854 266852388.896545 267979969.383789 267718367.541565 265068925.878906 263468439.958557 261238023.176025 262541766.113525 268440832.026917 268817287.686096 261667525.519775 
264254234.010315 262260058.979553 268605979.072510 262817038.447327 262888222.467041 269393236.822510 264505498.140625 262394692.580627 268653100.097900 263044050.306702 264789933.884827 266824057.562500 262811465.728088 267179456.640625 265423409.094788 261532825.938049 268748379.142822 267453316.000000 261109241.265625 265564199.269775 257124231.571289 264331201.133057 265356718.645081 261426455.472656 264142740.469727 
264346189.434143 262616710.986572 261329452.347656 264674514.360413 262312693.567444 267128634.379944 262302065.003967 265036873.752197 263028085.332275 267262468.214417 266071658.838135 263660719.353577 258397336.394592 262945734.033752 265365118.125977 265262806.230713 266389322.066406 269310407.805725 260190005.790039 264657991.597656 264708069.865784 263944446.791077 268164932.191467 262122171.285156 259475718.062500 
262709140.842834 265034330.015625 264060976.564697 265881049.957275 262141650.466370 262302318.062500 264481103.265625 262673686.372620 261746390.146729 263230344.140625 264713662.656799 266128243.066406 266027822.941650 261736784.204102 265530844.154358 265063329.336182 259239685.224854 263992934.269775 264315959.228760 264045742.453369 265383699.268127 261792905.625244 265111665.062500 263770588.531494 265436137.231995 
264844093.125977 264851213.062500 255614645.127197 269704151.513916 265557833.627991 262537715.343994 264042695.683838 265611052.740479 263401741.993164 264944035.275940 266140733.188538 265251609.111572 265515313.097900 264111252.250000 266754384.193420 264544633.935791 265309887.612854 261928936.547852 269206568.984619 263255441.818909 262281061.571289 262554171.789612 265375554.029846 264900292.371155 260433278.909241 
266303131.447510 267421375.547424 265685415.644775 261203173.172852 261836138.389221 266047701.563477 268639782.867432 265033821.269775 262770178.785156 260407307.551025 261058747.222656 260181436.582275 263171280.588928 264627997.746338 260866914.390625 262088780.086914 262110534.717041 265847674.948792 260745540.834045 262705342.035156 265763609.785217 263443332.128906 265509966.445862 264876133.593994 264981677.410217 
265862706.181885 262692932.788147 268333577.668213 265698659.445557 266116517.912354 264508547.579102 267499569.155823 261862433.745667 262306620.076233 262604810.241760 262522018.907227 261403213.500977 266640323.265625 264510834.669495 260870447.515869 261757765.833069 263457788.005920 263339870.062500 265318540.861877 264114299.415039 261694823.468994 263959931.836914 263222485.517639 267514391.455139 268238372.187744 
266658438.696350 263942923.696350 262564552.274414 262693945.776917 261599539.595276 263643467.150940 260400499.739319 267615347.345947 263572688.287354 264580976.909241 261417865.927979 268390913.847900 268279318.711182 264120393.797852 260897956.237854 271098540.395569 261850297.263245 264058437.515625 259762221.926025 258875278.440002 265388026.476807 263436484.746643 266479097.535156 266726058.062500 268128599.744202 
268572689.535156 259129254.726624 261700384.336914 261690273.711914 264729170.250000 262592150.170959 260226048.414612 260787173.071289 270304425.878906 266388556.999573 263438513.591370 264306052.226624 269824768.993164 262003793.907227 265200207.188477 263157086.044983 264238486.343323 260713246.599670 260997403.530823 267553238.049866 262955615.508789 260151697.485352 265102251.970276 264659516.754150 264826039.430237 
972292763.215088 11493212.370667 9266744.580139 36782424.475159 25060818.193604 551335714.665588 43480526.906799 466205017.547852 447019841.836914 123893769.480530 101868806.703186 359014269.482666 448017084.265198 326395881.653381 196679807.191467 352348681.220947 205050093.934631 233406064.353577 214691177.368164 272470216.388916 259900495.169006 262989315.268616 264533451.984619 262326865.320374 260647150.575256 
265146265.972656 263156832.574463 267948253.265625 258913492.653870 264447562.149414 264670192.972656 264220707.283264 262272204.954163 262664823.128906 270441879.310608 267545059.585022 265156952.004150 267938022.660156 258243895.625977 262896329.443604 264117092.665100 262737252.873291 267957716.749573 264051328.243164 265944493.725647 261322885.078369 265864999.119202 265214711.187073 262647350.315002 269683366.970276 
263519927.431885 262286881.715393 263166718.015198 267717344.911194 263554931.640625 264907667.375244 264860621.696838 263646257.910156 264289286.953674 268151115.336975 264056914.092041 266237095.410706 263505723.488525 264469668.555237 258206986.235413 264483644.345947 262463541.152893 264852484.489807 267700216.142822 261813131.035400 263578522.744690 265231760.253906 262399248.457092 265276039.494385 264286492.793213 
265499782.495667 260721067.676025 267715810.969299 269001001.562500 258973333.732971 260064758.180237 268103014.990784 263074207.691406 264375913.254150 263090427.503906 270907682.090393 260693316.000000 261385277.468323 267832403.077698 265964624.052979 261908706.665039 263837586.974854 263729480.062500 263187503.393616 265539246.390625 262978926.390625 266860301.519775 263962978.128906 267130422.015625 265320576.940979 
266646446.722656 263473766.015625 264174738.486572 262591896.972656 263740898.760315 262512145.582581 266597716.157288 259740816.789612 268322059.978088 261129945.234619 265010928.211914 266464814.062500 266848049.765869 262538221.688477 264472209.580627 260530367.783447 261912499.708557 262894556.031799 263682539.124084 268537609.716858 265137615.533447 262855035.835022 263184968.547424 266153988.332581 264363210.562500 
263916270.250000 263049878.910156 262883662.347656 263636109.765625 266022471.131897 262152528.765625 261122118.027893 261071370.275635 261870777.740479 263996742.375549 266249078.176025 262146710.112366 262479995.273682 263256709.410156 263427862.243713 263810938.847717 264360416.011292 263881495.872131 268210479.158264 267229262.037659 261854595.568604 265990361.403870 267927024.977112 263725420.140625 266121870.668030 
264245344.140625 263171027.111572 265074013.696289 260769005.868164 261992665.785156 262195032.191406 264617322.378906 263697509.023682 266376061.063477 257801658.791260 260821995.312744 263907386.066956 262721803.733459 268171073.129944 263658943.365479 263159113.813538 263224006.532288 259349132.727600 262204393.527893 261008510.496155 262533158.265625 262913303.830627 265175780.297852 268547083.602539 265944748.535156 
265090040.640198 265394135.537354 263745212.554932 264439685.377502 264853247.347656 262355463.058838 264268204.107666 264504227.546448 266140733.188538 264281920.562500 259572880.039307 265954431.386963 264397000.396057 267863600.884338 264824259.521729 264172706.808838 261298637.414307 262751942.640625 264501178.132874 259289499.844727 263190291.738525 266109126.100159 265620474.861389 264032286.020569 263108421.943420 
266068090.665039 265628878.515625 267747769.000000 259841806.402588 265834682.191406 265614872.499084 263409603.291565 261442119.123291 264465348.840088 267474525.514221 263776171.410156 263055707.578186 262506069.782776 268644392.640625 266395187.615295 266465324.179932 262284604.260010 265434864.404541 263486193.691467 263405799.422852 265651543.579163 261029210.471252 265417554.254150 262448353.191467 261773186.602539 
265016778.565979 260816191.444397 266868724.763733 265702989.221252 266739838.154541 263256709.410156 260865147.836975 263258737.562500 265778893.371643 262388871.240479 260481442.816406 266797003.818604 264959295.278381 264756373.190979 265558597.500977 266986153.521057 263893933.160156 263965516.718994 266253412.434143 263652093.181702 263404531.472717 260560128.515625 264746457.938477 268821642.797852 265891750.785156 
262127989.666077 264206484.465881 267272430.469727 267113822.771545 262211477.893616 260296376.525635 268138578.128906 262918624.273682 259670563.775635 267052027.043518 265293345.029541 264317483.399414 265109120.967041 261226406.250000 262798040.783447 265560379.875549 264133852.475647 266356425.184631 262348123.667542 265342974.326721 265221327.177795 266273299.482483 263031126.242432 266964708.081116 261307982.734924 
259511711.181702 267304106.566406 264351270.310608 259598558.003906 262253226.992432 265472795.972229 262099657.289124 264329676.922852 264748746.057190 263877942.415100 265141431.886292 267285458.314514 262843129.691406 265685670.330139 263112984.011780 262325346.899963 263835810.391174 266936881.353760 266867703.757385 265665805.238342 263117292.668213 260192778.210999 262886449.082581 263924900.742432 261322379.907227 
971788563.508362 11450504.269775 9540955.711914 37221629.033447 24368106.665039 556236747.451416 686937071.203369 127194341.314697 139977737.110352 468434328.680664 465381520.119385 174718621.982483 167828179.006409 184224632.378906 308858382.041077 234481987.397522 339589744.314026 295265423.005432 218832155.578674 281439942.779541 276211156.096252 263535653.672852 261495682.248291 265077829.591370 263694464.263916 
266870256.276917 270153395.868164 268725838.488525 264031524.345947 263525761.305237 267153917.211914 263322881.910706 262273976.265625 265146774.826416 270392803.140625 263488983.618164 266592868.857666 263548336.467041 267800439.996338 269101724.915100 261732234.082275 262982220.402893 264163310.400940 261792905.625244 261457783.243164 263009333.441406 266609962.163147 265655108.958069 259542672.295166 262351413.726807 
261393361.237854 262618230.250000 261429487.110352 263221978.513733 263140357.252502 264573098.150635 264804426.660156 262132037.273499 265731006.269592 261247619.961914 260517253.424072 266649253.330627 264558865.851807 256989955.196289 262752195.916077 265913407.881409 265091567.041077 263376637.341858 259980352.758789 261241811.359924 266262081.056213 269178369.305664 258028753.527893 261716561.743164 262173021.058655 
265396171.906494 266329140.165039 271581902.566467 264113283.691406 258932852.246338 269608703.179932 266218484.416260 264761712.250000 263687359.892822 265972523.503479 264228834.779358 262848702.746338 266273554.449463 267459704.319397 263540219.443604 260080884.953674 262803866.660706 258843603.005920 259557272.485352 261490123.555664 260500356.563049 264105919.753479 268932581.948792 264862656.018127 267070411.802307 
263797995.957275 265942455.253967 267746746.313477 265501564.672852 260899722.902588 263918808.615479 266550520.640625 264530910.665039 264593430.670166 262785122.764221 259195661.135803 263539712.133789 263091187.819885 264550479.140686 264943526.616760 266496952.414307 268090990.578369 265892260.353760 258505852.294983 261796697.830139 263156579.104065 266042349.553772 269514810.821289 265501055.478760 262347111.345764 
266177950.392151 261331978.242432 264039648.931885 264928775.712952 266025784.150635 264649603.315491 265617164.367432 267981504.082275 262033385.745178 263342912.774414 264741373.265625 267792002.061096 262038697.277588 262421269.084229 265632189.082581 263192066.147522 264071386.793518 260871456.984619 264465602.940002 263672897.718811 264100587.310791 265592718.281494 263710449.448792 268402689.000000 264271506.184631 
265878247.395081 263707404.614319 268333833.619690 265793158.448792 267389437.002197 262431140.699768 265625822.625977 263540473.098694 266493636.462952 262661784.336914 262824131.084534 261779506.721252 267375895.634827 267486280.546936 263505216.211914 267117908.691467 262867702.241272 260573496.177307 264640198.429932 263840378.761292 263816522.153381 264625201.795959 262822357.916260 264700951.853577 266531643.603760 
260467321.000000 264644011.201233 267622248.823792 265007621.518616 263652600.599670 262302065.003967 263488729.987854 262843129.691406 265577949.316406 261509326.562500 264031778.237366 268289555.830322 259897220.513916 262452656.402588 262246648.125977 262801333.662659 261211001.594299 262286122.562500 268018338.164307 264114807.277588 264450357.161194 265396681.000000 261531562.503906 264117600.530334 266727844.350647 
263165450.640625 264613509.799866 263831749.650940 262878342.258362 262907223.390198 265961566.232666 262599239.773010 264663583.859619 266891187.397522 263783023.205627 264050566.541077 265966662.609619 267298486.476807 267135274.199768 265603158.659729 265083426.287170 263426087.040039 266476801.951233 267797883.032227 266109126.100159 264761966.492249 263666554.785156 263950539.213928 264684428.265625 263608964.439026 
265866272.977539 266596440.547852 264787137.079102 266225877.747131 261329704.936584 264904107.015625 264933607.860352 261400939.885315 259200440.713135 265630915.785156 264114807.277588 259475466.371155 265209367.562500 265903725.776428 261671316.816467 264249154.066467 262789428.735352 264166611.822510 265361809.223694 266453081.496338 262595441.760010 266130027.351624 265661221.091858 265911879.116272 263949269.953369 
265646959.555725 266468129.834534 264075449.377502 264771627.788147 266153223.603760 265430536.814026 265036110.629944 263660211.927795 268000688.184143 262751182.815002 266844986.871338 264055390.672852 264852230.204102 262452403.271545 263922362.347656 262392161.555237 260804583.901428 265853279.765686 264944798.265625 262805893.067932 261290555.109619 267030578.958069 263461592.250000 266006416.025635 258130916.017822 
263483403.779541 264192008.062744 262414181.885010 267297975.562500 268213038.091370 268330762.210022 264707815.649414 262459490.986877 268264475.235352 265571328.879150 263931246.782776 267542248.266602 263628752.482971 262340531.301819 262813238.859619 263527029.547119 261961053.091370 267045388.258362 264988544.844727 263594758.096252 260559876.298889 261801248.512268 265587625.488525 264915296.797852 263748257.607666 
971895238.336182 11521304.311584 9625409.297119 37356830.500549 24856378.740295 551261606.704651 43814470.562500 459661540.079102 451493772.146545 121811230.160156 106051700.332275 361930113.962463 429474137.871155 334592691.015625 164981380.945374 214516071.791077 360995250.015625 277079432.525635 274758855.022034 247739484.128967 257826747.218994 264240010.290588 265947296.636963 262327877.603088 267709930.899414 
259933998.594727 265004060.487366 266813082.765198 261104191.641602 259175537.083069 262948774.467834 265643139.566406 266780159.727539 264938694.378906 260747559.290100 264273284.234619 261658679.267639 262432659.426331 271478141.602539 264919874.504150 265168147.125244 266276614.062744 264995921.077209 261276663.940491 261441613.836914 261714539.540039 265166366.067444 263150749.318604 259642616.294006 263127430.822510 
265832898.896545 263981510.117249 266514042.644592 262717245.057678 265044505.035156 262429875.097656 261261257.802979 263108675.390625 261819451.636292 263046584.474182 264977353.515625 265664786.535706 263463874.809631 261993677.422852 266782711.828369 263602622.274414 261988872.161194 265060022.315979 264534468.515869 263644989.381409 265909076.391602 266315370.685791 260984782.266174 269031498.501038 264890883.032227 
264622151.685120 262325599.969727 263948762.250000 265195627.060791 263344434.136963 264925978.174072 264276586.343323 260228316.915039 262682296.523987 265231251.318604 265687962.503906 264186166.819397 261309245.628906 263500650.744385 265815575.772034 265284183.205322 265882069.074463 267418564.878906 262995143.265625 265161531.797852 264624693.442932 265164585.015625 265069434.658447 263434202.305664 261366331.623291 
268000432.391602 265348573.820862 266223073.368164 263012374.243164 265181378.027588 263972370.973206 265751892.666565 264216135.621643 261677888.462463 265301489.006104 266375041.000000 268623648.972717 266832225.000000 262983487.336182 266192990.959229 261708472.977539 264431300.555664 262605823.060608 263925662.263245 263815760.790039 267697148.361572 265095383.062500 266312565.835510 265687453.131104 266932286.253906 
265180105.811096 269981868.765625 258781514.722656 262519740.431213 266455632.032227 264745441.000000 263825658.599182 261460815.062500 263326685.180664 262283339.011292 262477970.123291 262079673.765625 266195795.179749 268391681.784729 263190545.225159 261778495.497131 265798762.690979 268017314.961182 265985264.799866 264360161.961914 266818697.749573 261284998.597656 260955502.107483 261991401.240784 264079004.164124 
263086372.503906 262729148.349854 263699538.873291 259617439.670471 260208152.813477 265007621.518616 265427991.189026 266987940.679932 268966918.794495 264694596.566406 263441049.658264 263779724.181885 260806854.922119 267087520.410156 268303888.125244 263538443.861389 265977619.985413 267744445.275940 264759169.834229 267133486.547852 262261577.210999 267154427.988525 260817957.832275 265906528.472900 265871368.441406 
262216032.179260 270155964.052979 265023646.455322 264695104.986572 259932235.202698 262853769.211182 267756461.914307 264568523.441406 264897494.982666 268576274.463135 265894298.633057 264705273.492432 265899903.941406 264653924.535156 268567824.314026 266122380.457092 258791569.000000 266100459.968323 265677011.096252 262532398.756409 263321867.710022 264845364.536194 264215881.641602 269756501.320557 261239285.900940 
264816885.678772 263513839.980713 265583805.925842 260872971.191406 264232898.574280 262651148.703369 266703092.033447 261426708.108459 262321044.732666 262809945.905823 261240296.083069 267715044.000000 262654440.662170 263765513.238525 265016778.565979 263779216.641602 265350355.490479 268456960.430664 261700889.873291 268774250.831604 267457148.982483 267199889.062500 262519740.431213 257367571.555725 263525507.657227 
265708083.120178 262460756.660400 262121918.313538 264251186.038147 266852388.896545 264671972.363342 265163058.404541 264484406.672424 264331455.168518 261287524.277588 266409214.189697 263988364.579102 268252191.290039 263051146.006409 260824518.753906 259745349.568420 257726149.990784 265335847.783264 265093347.847656 266913395.703369 268394753.543030 264648586.563049 260774809.211487 266143537.133789 266557408.374573 
263213106.024414 264316213.256897 267731661.914124 264661804.497131 265651798.248291 263492280.823303 264351524.355713 267209850.151428 261071622.739807 268389633.955627 263509528.078674 262918624.273682 263009586.840881 267201932.347656 264351778.400940 262481514.141602 263902563.287354 261146105.000244 268001199.769592 264402589.899963 263332770.469727 263764751.948792 265451411.399475 261024161.621155 261858135.375977 
266501798.841858 264569540.040039 261153932.566467 262248419.351135 265378099.403381 261450203.771729 262997930.591370 259386123.657227 266138948.867432 266222308.540100 265729732.735352 264805443.711914 266775821.184143 263137569.172119 266199109.277588 264085352.056885 263141878.029846 266436503.310608 262947760.987854 265959018.062500 263208796.583557 267025217.071289 258985654.813477 261229436.727539 266731927.317444 
974150904.746338 11509533.325256 9333359.143616 36682801.025452 26448600.766663 556504318.243164 667921219.904541 123927685.829102 124300375.203186 457587916.233459 517848336.329102 190689344.063477 120411529.735352 222733704.445557 209143116.922852 234506871.365295 318380734.160706 302401774.775635 287968702.941650 281226349.256897 272595578.344727 260921175.737366 269061228.273010 266936370.785156 263936831.361389 
267994293.407227 262982220.402893 262516955.640625 261345113.092041 264018322.160400 269676438.967041 261785574.106995 267429041.082092 266469150.076233 265122350.396729 263105887.478088 264316213.256897 266622463.584229 261188021.722656 262439493.750244 258332539.152893 265422899.975647 262951054.804932 264372864.580322 266925138.399414 261427718.652893 268104550.041565 264527098.708557 267887639.777893 267298486.476807 
264642231.904541 266101734.390625 264721035.062500 263696747.832092 262678497.910400 261006491.030334 264939711.688477 262949534.579102 267919096.554932 266064522.515869 269463510.430664 260537429.498291 267051261.025635 261680668.799072 263784292.066406 264897494.982666 264401573.622131 264940474.671936 263350266.067444 266606390.382385 262831477.131104 265353664.321350 260546508.986572 262797534.188477 263937085.207275 
265973287.972656 264267442.092834 262700783.502197 266189931.826416 264671718.164307 266808488.731018 263179898.891663 267897613.677979 262505816.625977 261853331.357483 263135794.946838 264671209.766602 259169500.019592 267317135.183167 267629406.005920 265053662.719727 263824135.847229 263131739.597229 265565472.407288 266892463.711914 263548082.808167 265806150.191406 263342152.094788 266964452.783447 262710660.373596 
268021151.982971 264898003.597656 260867671.486877 263927439.149414 266842179.233459 264165849.954163 265790101.614319 264262616.024414 267284947.412659 261678393.977112 262826917.503906 264802646.824280 269419139.531311 264505498.140625 266532408.876038 265631170.444397 260636808.062500 265492144.661194 264859350.250000 263454491.016602 263407828.149414 271705257.140869 262099910.250000 265443519.691406 265615127.150635 
264592668.186584 266733458.438049 267515924.819885 264641469.350647 265268659.364319 266253667.391602 264277856.390625 264507531.097656 261401445.132385 267691779.786682 266002593.452698 264482373.804260 260247473.535156 263206261.634827 263242005.539307 263857637.405334 262162901.307678 263274963.062500 266247038.537354 264496604.045471 265981187.551819 265511494.055237 262138867.681885 267936743.848206 265438937.463135 
267627105.472656 261565170.891174 264812308.862366 267322244.531311 267482191.810608 266491850.959229 262838823.280334 263163676.321350 267739843.230530 263368015.818420 263184715.063477 263096510.062500 262922424.623108 261294343.674377 260683224.847656 266162400.422119 267499824.709229 265758515.354065 266227407.414612 260965346.115479 263049878.910156 266017374.220276 263956377.851807 265383699.268127 266570163.672424 
264545396.350159 267622760.047913 266682423.452698 258349114.418030 261967122.580627 264603343.056702 260144641.000000 260868176.218323 266132831.240479 262700023.750549 266578837.449280 266047701.563477 263523224.830627 268839832.175354 264230358.698792 266125439.201721 263734047.511963 261367342.051025 263340377.179932 265432827.886963 262195285.198303 267450249.633789 266877658.652588 265204278.446289 265100471.133789 
264426981.153870 264180071.677795 264861638.856506 267980736.732483 264323326.094299 264589618.263245 260779603.326416 262268662.349182 263443585.737366 263699285.141663 262902663.106018 261536110.881104 266134615.541077 267827544.566406 263086625.940491 266436758.355713 263809162.353760 261708472.977539 268232230.478760 264205722.540039 262653934.205627 265213438.890625 263965009.000000 262412663.211914 262769925.501038 
264251948.029541 263048865.235352 265075540.051025 265312687.177979 266391362.250000 263503948.022522 266087206.157288 259555762.101807 262240828.428284 265354936.954102 262874542.227539 268426496.074768 264177278.094727 262790441.910156 268328458.664307 264927249.780823 263578776.418213 262803613.360352 265010928.211914 261335514.515625 267714532.687744 265057478.468323 268098154.025635 266773269.116272 260898460.998596 
267830357.383362 263920585.478577 267085477.562500 265996222.558838 263163676.321350 265350864.540039 262830210.564026 263774141.265625 260563407.344299 258422704.969727 262342555.921936 262406082.345947 265796470.039307 266013041.883789 264829853.540039 265765902.295166 268152650.525452 268086641.389221 264560136.577209 263105380.586487 267202953.993164 259749126.914307 265967681.890869 263390330.639709 262929772.043213 
264906650.127197 262463794.289307 264815360.068909 264073925.904846 263083331.274414 265005586.640686 267276517.602539 267784075.636963 265065873.211914 262242093.574463 266363310.410400 263888349.035400 261916039.907288 263002998.494202 264148581.232971 266593889.338135 261986596.000000 265628114.541565 264855027.353577 264276078.325256 266576541.435791 267349835.855042 264630285.353088 261755996.265625 264428759.726807 
971260146.720947 11327379.052795 9474228.281799 36729376.164612 24181498.907227 560527080.674072 662774855.421448 122395327.699280 123448244.746643 458042259.943604 514175111.512756 193456803.765625 121140290.640625 219849891.003479 210317974.243164 236123319.749084 330563533.227539 295088246.923889 305976350.219788 235662315.744385 246052066.564697 261148377.507385 260879532.804932 264084336.388916 264485423.109436 
267092627.563477 266523480.767822 265032295.035156 263840632.560791 265838503.557678 263134781.106506 265705026.774963 266192736.030823 263168238.868713 259867245.783752 263588162.424377 265940416.790100 266145576.375977 266397992.900635 265788827.938477 266382436.504456 263382976.787354 266614299.357666 263203473.205322 264552003.987366 263691165.794006 261032744.695374 262101175.056213 265913917.470764 263966278.298401 
266423241.133362 263927946.832275 266510471.506409 266119066.836914 266514042.644592 265177561.387268 265132018.265625 259151640.785156 264142740.469727 264029747.109436 261235245.191956 260420923.441406 267255826.814026 265855827.429260 263778962.871643 265129474.072510 264070625.062500 265150336.816406 264892154.554749 270515887.400452 266264885.640625 263412139.219299 263501411.652893 266151949.058167 263739630.003906 
260671367.993225 265814556.782288 266224603.027588 264575385.520081 261484059.594727 265288764.097656 263625961.816406 263183194.162354 263354323.100647 263457280.775452 262143168.355042 269826308.965088 262188454.054932 266283498.256897 263998011.750244 265407117.524475 265044759.413147 264714933.753906 265793413.185791 259021865.399414 260234366.297852 264920383.140625 265160514.062500 265892260.353760 265836975.007874 
267273452.250000 263914239.566406 264224517.031494 268031128.368164 263679748.172852 262845409.570374 265946787.015625 266114733.672424 265334066.162354 263650063.514709 265881304.736389 262816025.221252 261690526.475159 261263278.254150 262634942.437744 261507810.510010 264945052.595764 271343256.250000 264982694.802307 263265329.111572 265562671.508789 265509711.844727 263738868.751526 262346605.185608 264967179.785156 
266528327.436584 261223880.865479 267973319.074463 266147105.812744 261445656.141602 264306560.273499 262491640.040039 265716742.860413 264575131.367432 267106417.121338 269409906.739807 264645282.131104 262736493.068909 268118109.847656 263844947.170959 264777984.000000 267920631.079102 266010238.626038 261614702.976624 262319020.195557 264124964.631104 263754601.523987 267221854.787354 267285202.863525 264086875.562500 
267441050.640625 263169252.773499 259872535.316406 262046032.339417 264921909.052979 265537718.701416 266562000.246643 266778883.681702 264506768.737854 267183798.464905 266080579.375549 264879185.168213 262904689.894104 265110647.422852 270415927.482666 264317991.457275 266266670.383850 259855911.252197 267715299.656311 262509867.149414 264951410.888916 266163420.078369 263485940.062500 262792974.855713 264325358.351135 
265791884.765625 262772964.918518 265720308.676819 265453447.988342 268361221.133057 267457148.982483 263344434.136963 261814395.149475 263280794.223694 266754894.587952 265133544.787354 266238370.160156 263772364.895569 260867419.121338 263459309.700256 264736797.101807 264284206.672913 260888365.876526 264127250.062561 264380486.297852 261442371.766663 264449594.883789 268938987.910400 265457775.765625 270849563.398499 
261078944.253906 261340061.187744 264739085.178772 266563275.773682 264793493.477112 264193023.937744 265792394.238525 263188263.849854 263303612.431702 270439052.813477 266332200.097656 264299955.702209 265422645.416260 264644519.572815 260456225.555664 267061730.031799 260117676.026917 266782201.407227 264025938.765625 266968026.961914 267568061.835999 261520191.733948 261438076.845947 261820210.113525 264627997.746338 
265862706.181885 264073671.993164 263546307.199463 265952902.503906 266369940.711914 260969889.566406 261734003.569397 260063246.320862 264705527.707581 262135325.977539 265533135.660156 262096874.727539 265679303.232666 264040156.722656 268338696.720947 262123183.172852 261991654.149414 260139600.711914 260703911.920166 263210571.054932 264935388.136292 264940220.343994 263927185.308167 265012963.110352 261352691.040039 
266598991.769775 263738868.751526 267176391.844727 267759530.035400 263146186.922852 265146011.545959 262116858.906799 264088906.910156 264653161.964417 264706036.138245 258291354.432678 265268150.393616 263360155.140625 264941237.656494 264401827.691406 261298384.840393 266452316.337952 262519487.267822 263626722.905823 263890125.795959 262392161.555237 269106594.969727 266522970.594727 261905166.515869 266479097.535156 
265508438.840881 265024409.559631 264140708.915039 264600547.236572 263967801.460510 265318540.861877 264094747.078186 262656972.952209 263002745.097900 263710956.922913 267866925.347900 264983203.499084 263932262.156311 263489744.509827 266298541.805664 262197309.257874 268179005.279541 261565676.296936 261177668.484436 262023015.765625 264069609.422852 266656142.340088 267099777.660156 268436992.002197 260978976.586914 
973863683.591370 12215734.932190 8616242.930664 671395305.744385 27619294.852539 560105071.196838 668539200.015625 124182293.458557 131007875.673889 459471282.266602 509756206.172852 193295146.878906 125131839.492432 214981575.062500 231367390.898682 176495999.329163 187170402.297424 251777556.250000 277703477.191406 251904512.250000 279129331.011292 263964755.140686 267172560.874573 262492146.340088 264431046.472229 
261769141.766602 267000195.644775 266050759.878906 265782459.605042 264282936.610352 265716742.860413 263499382.565979 264301225.805664 264399032.936096 264838753.236389 264916314.062500 267125569.875549 260143128.908447 263972117.110352 263233386.219727 260788434.706116 266286557.927307 264330947.097717 263092708.455139 260125992.177979 262168720.140625 264657229.021057 267847490.314697 271795666.270081 266616595.533752 
262751436.090088 262742318.263916 263421775.856018 263237949.371338 260820481.253906 263287893.115784 262896836.133789 262658745.562500 264537263.986877 268425216.097656 269022528.633789 267758507.326416 265858375.105042 262160877.380920 269602032.691406 263847738.996338 272176528.395081 264131820.955139 260455469.056702 262863395.628906 261513369.390625 264807223.557190 264269728.140625 265880030.842041 263007052.851624 
263429891.055237 263927692.990784 265196644.863525 266181774.224854 260170851.285156 263861952.154541 262347870.586914 264294621.301025 262978166.236877 266264120.752502 260846977.918030 262779297.094727 265479924.354553 264752813.848206 267625571.789307 265679812.597656 262905703.291077 264122933.144775 264154168.110413 262485311.330627 262517715.127502 267370785.773987 263653361.727539 263658182.229553 264648840.750977 
266359485.273987 267073731.340088 267200144.472717 259450297.853088 262621775.215088 266958836.265625 258914246.910156 264355081.000000 255929254.888245 268227112.441650 264266934.083557 264627997.746338 262926985.078674 265139905.341858 265938887.947327 261287271.709045 265929205.378479 265279093.371338 264158993.188477 261408518.642639 266074207.547852 264304528.088928 265798253.211975 263656913.672119 262322816.209045 
262806906.274475 262463541.152893 267038749.555725 262008599.305725 264712645.781311 262414181.885010 264374642.971252 264745441.000000 267552215.734924 260658502.349854 268579091.209045 266387026.869202 263931500.625977 261597012.407776 262729908.143616 262678497.910400 264184389.062500 260676917.976624 266458947.747131 263302598.268127 261329452.347656 266381926.466370 266364330.451416 264138169.482666 264615289.000000 
265959272.878967 263016935.478760 264236708.410400 265861432.332092 259810071.890625 260746045.447327 260271168.224854 266172597.072510 263671121.689697 262722056.994385 264596734.778381 260423192.791077 261932729.737854 265536191.016602 264522270.269775 262454934.587463 265748071.922852 264914533.850647 266103773.472656 260796256.910156 261701900.947510 263258991.082092 263041769.566406 258936372.250000 264409449.826416 
263366240.816406 262891515.911194 267627616.701416 260536925.086914 259910571.160217 259833242.930664 264447816.240784 266353875.123596 264966162.422852 265250845.680237 264295637.373291 267807599.560791 265983735.828186 264031016.563477 262508348.199463 267444628.008057 264109982.603088 266619146.852112 266054327.935791 262637981.074463 271396537.107483 266432167.562500 263190798.711914 262295232.469727 262221598.582092 
263512571.770569 265361809.223694 264223755.079651 263261526.284729 263598563.329102 260834612.640625 260428992.285156 266757956.965393 267146511.005920 265457521.189514 257536799.502197 262267903.222656 264449594.883789 264488980.654358 268915158.119202 262963216.769775 264439431.290039 267684110.487366 266905992.832092 262228430.157227 262251202.717041 264827310.797119 265257971.082092 264771627.788147 263434455.909729 
266185853.010010 268527623.910156 268153929.852539 266654611.441406 265017287.295471 264905124.258789 265700951.675354 266776586.806885 264068593.785156 263288400.183167 265494436.000000 267800184.299377 263518659.207092 265834936.948303 263442824.912354 264877150.783447 264657737.405334 264986764.390198 262984500.885010 262040720.732666 268054918.959045 267559371.980530 263342912.774414 266170302.809143 260774304.570374 
265159241.896057 266654866.590881 263079783.195557 263232879.205322 262303583.356995 264071640.704102 263382723.208069 262460503.525452 265505638.243164 263836825.581116 269735201.521545 263846977.587952 268726094.627014 263021496.753906 264327390.615784 258707873.096252 264643757.015625 263406053.013245 266642619.553772 258774476.844727 264317991.457275 266437778.537354 262113823.286194 266790368.204102 260247725.600647 
260706687.077698 266480882.996155 265439446.597656 262310922.125244 266138439.062500 262126218.847656 265099453.515625 262156829.550842 264450103.068604 267182521.454102 264130297.319885 265871368.441406 263252399.612366 260521288.576416 262376216.375977 264697647.094727 264399032.936096 268638758.478760 261862686.592041 268056453.872131 263213106.024414 266819463.433838 260868680.950256 261571741.204163 262490880.590881 
971629779.859924 11344476.524414 9210181.748291 36707599.555725 26010796.881104 553169085.205322 680442305.474182 129012150.217346 136912486.860901 466853333.591370 463488085.723206 169220055.962463 172930513.374084 180817396.730042 328692084.236389 215504693.756104 326847416.162354 298948152.357483 309792725.864319 246898860.031494 265792394.238525 266989727.844788 263476555.876526 261854595.568604 266328630.177979 
